5 5 2 2 2 2 2
3 2 4 62 2 177 2 4 74 5 146 2 1 93 3 263
2 2 5 10 4 15 3 3 7 4 10 5 20
5 3 4 24 1 33 3 56 2 5 29 3 77 2 4 62 3 130 3 2 77 1 104 3 188 2 3 34 1 54
2 3 2 87 1 193 5 207 2 2 9 4 25
3 3 2 78 5 141 1 206 3 2 5 5 11 3 5 1 3 53
4 2 4 65 3 105 2 1 94 3 224 3 1 45 2 104 4 61 3 2 73 4 130 3 188
4 2 5 44 1 94 3 3 42 5 117 1 46 2 4 18 5 34 2 5 68 2 130
6 2 3 90 1 222 3 5 80 1 123 3 118 3 2 58 4 71 3 123 3 2 76 5 184 3 152 2 5 61 4 79 2 5 87 2 146
4 2 1 87 5 92 3 4 68 5 87 3 132 2 5 49 3 99 3 5 3 2 5 1 4
2 2 5 75 2 225 3 2 42 4 66 3 122
