10 10 3 3 3 3 3 3 3 3 3 3
11 2 2 47 5 73 3 8 78 10 153 2 171 2 2 27 5 76 3 9 21 2 53 7 39 3 10 24 9 57 2 37 2 4 99 7 295 3 7 58 5 142 2 68 3 9 15 8 44 7 42 3 10 11 1 33 9 20 3 10 75 6 111 8 114 3 6 31 5 40 9 35
6 3 5 20 6 43 8 27 3 5 40 1 69 9 112 2 1 43 5 43 2 3 82 8 132 3 9 4 1 9 5 4 3 5 81 4 182 9 230
5 2 8 25 7 70 2 10 35 3 92 3 3 36 8 36 6 104 3 4 31 10 90 2 89 3 5 55 4 124 6 140
11 3 3 77 8 222 5 162 3 3 59 7 158 9 81 3 2 56 7 63 10 158 3 5 74 7 99 1 218 2 9 99 8 152 3 6 86 3 217 2 183 3 9 43 8 114 1 107 2 10 98 1 102 3 7 86 1 175 8 230 3 10 89 3 91 6 122 2 5 25 4 33
9 3 5 44 2 98 8 77 3 4 56 9 84 8 62 3 1 76 5 213 2 187 3 9 29 8 84 1 50 3 6 81 8 110 3 124 3 5 55 8 100 2 87 2 3 18 8 23 3 1 42 6 60 2 105 3 4 8 8 12 2 18
9 3 9 4 3 7 1 7 3 1 84 6 217 3 204 3 7 83 2 191 4 239 2 1 27 8 50 3 2 83 7 163 1 219 3 9 85 5 221 4 203 3 9 43 1 58 8 106 3 9 27 3 59 2 34 2 8 1 4 1
11 3 3 85 9 94 8 255 3 5 97 4 146 6 236 3 9 93 5 270 2 149 3 6 23 8 28 7 25 2 6 5 4 12 2 1 63 8 66 2 2 59 1 127 2 6 36 9 36 2 10 57 5 99 2 6 36 8 69 3 9 21 10 60 4 55
5 3 6 27 10 68 3 58 2 10 81 4 96 3 9 90 7 260 3 106 2 4 32 7 67 3 10 39 6 113 2 83
7 3 5 91 4 237 7 109 3 2 79 9 98 6 89 3 8 89 7 185 2 181 3 3 2 8 5 7 3 3 2 37 10 43 5 89 1 8 94 3 6 39 1 115 7 81
5 3 3 41 8 44 2 48 3 4 28 2 40 9 65 3 8 62 10 75 7 141 3 6 81 2 111 10 232 2 8 99 1 236
5 3 9 65 7 171 5 98 3 4 66 2 88 7 108 3 2 49 6 71 1 93 2 1 14 8 16 3 4 85 8 161 2 98
6 3 7 79 8 185 1 148 3 6 19 2 24 5 47 3 8 75 6 201 10 82 3 6 79 9 210 3 97 2 1 43 4 91 3 9 78 6 174 3 109
5 2 5 12 2 18 3 9 72 4 211 5 142 2 9 15 3 28 3 7 26 3 56 5 27 2 10 60 3 99
9 3 1 60 2 164 10 141 3 5 17 3 32 2 20 3 9 43 1 49 8 66 2 10 96 4 215 3 3 23 8 51 6 55 3 9 62 6 178 2 130 2 7 63 4 92 2 4 18 6 45 3 7 27 4 63 1 49
8 2 4 34 2 92 2 7 50 6 122 3 3 53 6 60 10 68 3 8 8 2 18 5 21 3 2 88 8 165 5 88 3 1 64 8 123 9 121 2 5 72 4 115 3 10 5 5 9 4 5
6 3 2 25 7 70 6 40 3 7 64 2 141 9 74 3 3 74 10 79 2 156 3 5 11 10 15 7 16 3 6 22 1 43 5 25 3 2 56 7 143 1 139
9 3 6 47 8 81 5 99 3 7 55 5 136 4 62 3 3 22 6 27 9 22 2 7 47 8 135 3 9 86 1 173 6 251 3 1 30 9 33 10 79 2 8 2 1 4 2 1 96 10 210 3 6 80 7 222 2 189
8 2 10 14 9 26 3 5 27 3 42 8 71 3 6 35 10 64 9 94 3 1 32 10 49 8 95 3 5 33 7 89 3 39 3 5 85 9 100 3 106 3 3 17 6 49 7 28 1 8 31
6 3 5 98 8 186 9 107 3 10 22 4 43 9 47 3 3 80 9 128 1 152 3 5 19 7 20 1 56 3 7 65 8 126 10 79 3 10 27 4 51 8 41
8 2 9 48 4 127 2 8 5 10 11 3 6 78 9 104 10 198 2 7 31 2 59 2 1 61 3 170 2 5 56 8 105 3 6 22 2 30 1 27 2 6 79 1 181
9 3 5 24 10 70 9 66 3 1 30 2 47 3 82 3 9 23 4 43 1 24 3 1 49 8 73 9 51 3 9 35 3 95 2 90 1 8 10 2 1 36 2 42 3 8 52 1 104 3 99 3 5 74 10 201 8 203
7 3 2 41 9 117 1 117 3 2 97 9 255 10 163 3 10 24 9 34 7 37 3 3 31 10 34 9 32 3 2 96 7 268 6 99 2 9 80 10 192 3 5 60 8 172 1 128
10 3 2 74 8 76 5 106 2 5 86 8 88 3 4 16 1 23 9 48 2 6 94 9 147 2 9 35 1 62 3 5 38 1 39 7 55 3 5 94 4 242 9 222 3 10 38 2 77 8 66 3 8 22 1 64 6 34 3 8 9 3 10 7 20
10 3 3 52 10 84 4 105 3 5 38 1 49 7 101 3 6 67 5 121 10 77 3 1 36 2 46 4 52 3 6 91 8 190 10 161 3 7 97 4 185 5 206 3 7 23 10 37 4 27 2 5 43 4 100 3 7 95 9 166 4 170 3 8 1 9 2 7 2
11 3 5 86 1 111 10 227 3 8 18 6 20 7 51 2 5 34 4 88 3 2 92 8 203 4 126 3 6 85 10 120 8 159 3 8 76 9 112 2 136 3 10 93 8 106 2 147 3 10 40 4 103 1 90 1 6 3 3 7 74 2 132 8 123 2 5 87 7 183
8 3 3 88 4 187 5 207 3 9 58 3 102 7 114 3 2 35 5 81 8 78 3 2 66 10 151 3 97 2 9 19 10 20 1 5 78 2 10 11 3 27 3 4 51 10 107 1 65
8 3 10 84 9 222 7 234 2 2 31 4 65 3 2 73 10 99 4 99 2 7 68 6 128 3 3 22 9 40 6 25 3 9 27 8 63 6 80 2 5 47 9 62 3 2 49 1 100 4 67
10 3 7 4 8 8 6 9 3 10 80 2 156 7 214 2 6 79 2 148 3 8 3 5 5 1 4 3 6 44 3 61 10 72 3 1 84 2 247 10 201 3 10 97 3 136 6 117 3 9 23 2 34 5 33 3 10 99 7 122 3 180 3 9 65 3 122 7 73
11 3 6 45 9 132 7 89 3 4 23 1 59 6 34 3 1 14 6 30 5 19 2 6 2 3 4 2 2 11 3 31 2 10 18 5 41 3 10 56 5 65 8 147 2 8 6 7 14 3 5 22 7 33 1 29 2 10 21 5 50 3 3 29 2 79 7 34
7 3 5 76 3 203 2 85 3 1 72 6 133 9 82 3 10 56 7 61 9 62 3 2 69 6 80 3 200 3 5 32 10 61 8 75 3 9 60 8 113 3 106 2 10 15 7 30
