10 10 3 3 3 3 3 3 3 3 3 3
11 3 1 28 10 51 2 45 3 6 5 4 6 10 10 2 3 49 8 142 2 9 98 8 179 3 4 23 3 66 7 40 3 4 21 8 30 9 33 3 6 2 9 4 7 2 2 3 82 2 91 3 10 88 7 191 3 127 3 3 54 8 70 10 63 3 7 34 10 59 3 87
6 3 6 39 8 89 4 98 3 3 48 8 76 9 106 3 1 33 4 45 2 82 3 2 97 8 165 6 137 3 3 77 2 190 5 124 3 1 90 5 268 2 119
10 2 1 33 7 52 2 6 62 2 155 3 2 14 7 26 10 29 3 9 55 3 85 7 115 3 6 14 1 21 9 24 3 9 77 5 149 7 194 2 1 53 10 144 3 5 40 1 72 7 65 3 1 27 2 57 9 28 3 4 26 6 40 3 36
6 2 5 22 3 64 3 10 7 6 12 7 14 3 3 93 8 230 10 133 3 5 93 2 153 9 155 2 9 47 10 48 3 4 18 7 26 1 26
10 3 8 54 3 56 7 159 3 1 45 7 74 3 131 2 1 43 7 69 3 9 79 3 148 6 197 3 3 85 6 137 4 242 3 1 14 2 22 6 22 3 8 1 1 2 4 2 2 8 12 1 32 3 7 95 8 123 9 154 2 9 72 4 146
11 1 7 68 3 3 34 6 73 10 76 3 10 28 7 74 8 31 2 3 1 6 1 3 3 92 7 156 10 152 3 2 82 9 135 6 111 3 2 48 7 134 10 56 3 2 65 5 87 4 156 3 4 1 9 1 10 2 2 2 79 8 185 3 6 65 9 122 4 180
8 3 3 64 9 69 5 183 2 2 36 7 78 2 4 8 3 11 3 8 35 10 66 9 42 3 4 65 8 76 6 82 2 2 10 3 29 3 4 79 1 114 8 228 3 1 58 10 139 3 155
11 3 7 52 10 52 1 114 3 7 76 6 190 5 213 3 4 88 1 153 3 208 3 8 45 3 108 2 100 3 9 59 8 74 2 118 2 4 53 3 152 3 5 43 1 77 4 124 2 9 66 8 98 2 1 41 9 105 2 7 65 9 88 2 1 51 10 125
5 2 2 50 6 57 3 4 66 3 193 6 154 3 3 30 6 79 7 33 3 6 58 9 152 4 131 3 3 54 8 152 6 59
9 3 1 22 3 51 2 64 3 9 54 7 142 6 118 3 3 53 10 59 2 84 2 3 1 2 2 3 2 79 5 190 1 104 3 4 64 7 84 5 91 3 5 61 10 126 9 63 3 1 12 9 33 2 24 3 1 97 6 186 7 179
7 3 1 98 3 164 9 135 3 4 75 8 104 7 225 2 7 94 4 236 2 6 11 4 23 2 4 57 10 148 3 4 77 9 200 5 203 3 2 30 10 42 1 83
10 2 2 55 10 121 3 1 45 7 103 5 94 3 9 40 5 48 1 66 3 2 16 9 18 8 34 2 8 85 5 141 2 2 46 1 114 3 10 25 1 39 9 63 2 7 67 6 182 3 5 20 4 46 3 54 3 4 91 1 205 10 233
8 3 8 99 10 127 2 273 3 9 74 10 166 5 160 3 8 61 9 71 10 167 2 3 52 10 63 3 6 65 4 71 8 100 3 2 67 3 164 6 142 3 5 64 8 143 1 113 3 9 22 1 24 3 28
7 2 10 7 4 10 3 8 89 3 193 2 116 2 4 49 5 51 2 6 42 5 82 3 6 21 5 63 9 58 3 8 83 3 111 9 199 3 4 1 3 3 10 2
11 3 9 52 5 68 6 71 3 5 44 6 45 3 59 3 5 14 9 20 10 15 3 3 12 2 14 9 26 3 7 18 3 25 10 31 3 3 10 7 29 2 12 3 3 37 7 90 2 49 3 8 29 9 51 1 80 2 9 47 10 117 3 4 51 1 81 2 65 3 9 21 2 61 7 46
9 2 10 16 6 30 3 1 71 2 151 9 112 2 10 62 9 174 3 3 47 8 60 7 94 3 2 44 1 130 6 72 3 1 99 10 285 8 123 3 5 86 8 255 6 232 3 10 46 2 81 7 68 3 10 61 8 162 7 112
8 3 4 94 6 229 2 264 3 8 12 6 19 10 15 3 9 82 5 236 10 169 3 7 82 5 230 1 157 3 8 20 4 36 5 50 3 10 54 6 54 5 142 3 10 17 1 26 2 23 2 7 14 4 40
9 3 4 93 5 278 7 108 2 5 89 4 118 3 5 61 6 122 2 132 3 10 63 4 103 3 77 3 1 21 10 39 7 32 2 4 31 3 48 2 2 97 5 247 2 7 68 10 97 3 2 75 4 221 10 137
11 3 9 34 3 62 1 43 2 8 80 1 173 3 6 3 8 6 10 4 3 9 91 5 227 1 145 3 9 41 10 113 6 68 3 9 45 1 87 2 73 3 8 80 4 213 1 167 1 5 21 2 8 46 9 91 3 6 5 1 9 4 6 2 10 63 9 187
9 3 4 67 8 95 9 188 3 7 40 4 78 2 56 3 4 48 10 94 2 91 3 6 50 10 68 4 134 3 8 6 1 8 3 8 3 3 34 1 83 10 40 3 4 39 5 87 2 44 3 1 53 3 139 8 104 3 10 28 4 68 6 58
11 3 10 45 5 104 8 70 3 10 75 6 154 5 137 3 5 84 7 193 1 201 2 3 67 6 73 3 6 79 9 133 8 165 2 5 28 6 54 3 10 16 7 32 9 29 3 7 26 5 34 8 41 3 8 70 6 125 10 84 3 7 71 9 97 4 183 2 3 11 10 25
9 3 3 58 9 153 7 120 3 1 77 4 156 10 149 2 5 66 10 99 3 1 59 3 59 10 127 2 6 26 9 33 3 10 94 4 153 2 275 3 3 53 8 65 4 154 3 5 72 10 81 9 203 2 3 62 10 128
11 2 4 34 7 41 2 9 6 10 6 3 4 36 7 91 10 61 3 5 86 4 231 2 220 3 7 48 10 80 6 55 3 4 84 7 175 1 107 3 6 77 10 86 1 170 3 8 12 6 35 1 32 3 2 27 3 58 6 39 3 1 30 3 36 7 71 3 1 86 9 101 7 212
5 2 9 57 7 92 2 7 10 3 22 2 5 2 7 5 3 2 14 7 29 6 18 3 6 34 5 94 2 60
11 3 5 14 9 30 2 36 3 5 49 4 144 6 109 2 8 9 9 19 3 7 95 9 159 6 260 2 8 66 1 135 3 8 62 4 135 6 127 3 2 94 6 244 1 118 2 10 41 2 52 2 3 35 6 80 3 4 94 1 279 7 235 3 2 95 8 180 4 144
8 2 7 94 6 98 3 7 58 3 58 4 74 3 8 21 1 52 4 31 3 5 42 3 67 1 68 3 5 70 2 183 4 119 3 7 52 10 108 2 64 3 4 68 3 131 10 76 2 10 73 8 130
10 3 8 91 3 239 6 253 3 9 93 6 178 7 244 3 5 91 6 226 7 218 3 2 55 7 138 5 148 3 10 49 2 95 4 89 2 8 16 7 38 3 9 3 7 8 2 3 2 6 40 4 108 3 2 68 10 148 7 108 3 9 39 4 102 5 93
11 3 9 38 2 90 3 81 3 2 6 9 16 7 10 3 9 24 2 62 6 67 3 7 38 4 46 9 83 3 4 63 10 96 7 179 3 5 32 6 93 3 88 3 4 42 3 95 2 125 3 10 81 2 82 4 233 3 4 62 9 78 10 137 3 5 38 6 101 7 56 2 1 93 9 112
7 3 8 28 7 42 3 55 3 2 55 10 101 6 133 2 6 48 5 94 3 6 80 5 117 7 175 2 1 94 5 185 3 5 75 3 132 1 196 3 1 94 10 263 5 225
10 3 2 80 7 165 9 80 3 2 29 1 86 8 43 3 3 33 9 51 6 70 3 7 49 1 127 6 110 3 1 93 9 221 6 224 3 9 79 4 128 10 141 2 9 16 3 48 3 1 88 5 209 9 117 3 7 74 2 94 5 203 3 9 37 7 71 6 108
